100 993
1 58 26 114714
98 74 13 105400
80 24 40 140721
14 80 13 107090
61 92 26 124169
46 53 40 145487
92 3 133 6953955
38 3 66 203136
72 10 26 115414
87 3 133 8006463
12 31 120 904115
13 71 133 9950486
65 25 80 211488
22 54 80 221076
30 8 40 128362
63 40 13 106241
72 100 133 10064956
63 61 26 127291
29 89 40 135357
32 9 120 816620
34 87 40 141550
72 88 93 298161
77 37 66 173301
6 81 80 243863
33 40 120 651902
82 52 133 1942983
12 20 26 126702
56 95 120 984215
62 39 133 1571943
7 60 93 279271
91 30 106 456229
26 70 13 109280
65 88 26 119383
86 72 40 130935
10 34 26 119631
67 50 120 926458
2 93 133 1728004
38 6 106 483186
45 1 120 899363
68 24 120 512937
36 82 26 116805
32 85 53 161418
50 48 53 154372
53 46 13 105582
25 47 106 472214
29 96 80 210811
90 45 133 7074074
49 33 120 681668
84 56 106 472795
26 59 106 389771
89 83 53 161367
55 81 40 140204
62 49 133 1037892
87 83 120 540669
8 48 53 161074
7 52 120 759539
10 98 66 177550
94 23 40 145509
51 71 26 121447
24 78 133 9434795
5 50 80 205724
37 76 53 167426
40 96 93 291914
46 66 93 289944
25 71 53 155060
52 42 66 200008
93 49 53 157326
22 41 40 136613
78 85 80 229027
79 55 26 124040
75 91 120 689565
87 88 106 348411
9 58 53 148671
6 53 120 921123
65 57 133 9288491
63 100 40 136842
23 99 80 206001
28 91 13 110330
30 71 66 202115
33 86 93 332119
1 78 120 901340
58 26 80 218089
51 46 13 108490
38 43 13 112217
79 49 53 160411
20 68 66 179619
62 98 13 112289
75 53 26 123295
64 40 26 114953
24 52 53 165808
81 93 40 139875
80 10 53 159780
100 51 133 2641166
85 35 66 176157
3 72 13 109195
36 74 26 124670
88 66 80 252704
55 48 133 3916241
13 10 133 2456128
91 63 80 239395
18 63 53 152901
29 41 120 933402
71 24 66 200930
34 36 80 227425
25 56 53 170507
37 71 120 824503
64 14 53 168066
81 83 93 276932
51 31 80 207473
53 25 93 261060
10 50 80 215292
95 83 53 167925
17 4 40 130556
27 24 133 4249497
89 70 93 275282
48 78 80 226391
59 18 66 192437
84 50 26 121866
12 37 66 176224
56 8 66 196628
14 51 93 278382
50 96 120 796568
79 59 93 326791
82 88 80 240174
34 78 133 3738554
19 68 26 126181
10 70 106 435356
13 5 133 9768401
75 89 120 947227
28 33 13 111270
10 91 93 285130
90 41 133 4112114
58 51 13 104178
77 88 106 437626
87 93 26 119654
8 66 13 108834
5 68 120 631331
7 87 13 108062
70 48 120 946090
71 14 40 139348
47 13 66 196775
94 61 80 249524
45 11 66 187026
55 83 80 244440
64 24 106 415336
59 52 13 104673
80 73 13 106249
82 75 106 456533
92 37 120 597445
33 28 120 729231
45 6 26 122903
12 70 133 8094576
10 52 93 316951
56 25 13 106667
44 40 120 536819
6 70 93 263483
99 27 106 342907
64 71 133 4246833
19 20 106 427231
32 62 53 149518
81 39 120 1022934
24 45 133 1038327
97 53 53 148494
6 34 120 978978
29 87 53 158441
64 25 80 241211
36 7 120 615975
87 89 13 105624
27 52 93 329503
93 15 40 136526
63 46 80 251056
2 84 40 141244
48 80 53 148559
1 92 26 117605
87 52 13 104086
50 30 106 417676
92 39 133 3481964
72 44 106 499151
5 30 93 316403
84 81 53 163971
95 87 13 108491
42 28 80 228415
95 27 40 135617
57 78 66 176673
3 35 40 145256
96 42 133 2623109
96 7 106 431323
88 73 53 154586
71 35 13 105684
23 26 93 267001
56 37 66 202340
1 77 120 612589
37 55 80 250177
1 91 66 201361
55 19 53 157614
71 69 53 168784
68 38 93 263312
45 8 26 121819
79 87 40 138510
63 1 133 6768574
31 40 93 289056
94 36 53 170599
35 47 40 142365
40 13 120 765586
47 1 66 175851
21 41 106 506297
21 58 133 4317846
16 53 133 3051114
2 9 26 124546
98 30 26 118697
18 34 40 132110
38 97 26 124470
43 87 66 197527
85 29 106 377860
31 42 26 116597
97 31 93 284313
85 11 66 202529
52 70 40 134931
39 21 66 194397
32 95 13 105036
15 43 80 240386
90 84 66 194957
30 63 26 125181
5 4 26 119336
64 58 80 210974
48 95 106 373058
60 86 53 155945
11 1 66 201077
25 98 53 157923
57 3 53 151112
67 87 26 126431
51 49 106 359863
74 96 66 204767
21 90 26 118887
46 31 40 139917
2 98 120 935003
56 89 40 142364
30 92 53 153600
90 69 66 178620
20 72 66 176995
21 26 106 502310
73 78 26 118004
57 71 40 136026
11 66 13 107157
56 22 120 927997
81 90 26 122166
67 30 120 756094
68 81 80 230446
37 79 120 871693
53 51 80 254198
79 8 80 225275
61 76 93 271457
49 78 66 183166
25 14 120 752708
95 22 80 217222
15 70 66 202526
95 99 53 151139
56 66 106 369855
93 1 93 317406
88 16 80 229053
97 45 133 7419937
13 67 66 177197
90 76 133 4852930
77 10 13 112431
58 37 93 275152
5 37 106 413320
96 28 133 6277079
27 57 53 167552
90 5 120 852553
29 27 13 112928
1 54 66 196184
28 2 53 154730
93 56 120 611028
68 91 53 152546
79 28 66 199124
36 1 93 325258
73 70 106 351740
4 37 53 167208
36 78 66 171170
75 23 120 518544
99 54 80 221765
75 98 133 8943735
20 5 13 104484
1 73 53 147017
7 91 13 104055
84 80 106 414805
59 43 66 189918
63 48 66 191053
48 21 93 340351
61 70 133 9514753
51 13 93 315779
22 69 66 188362
49 55 120 628070
89 92 26 117122
62 56 40 139644
88 48 26 126882
14 75 66 176580
78 70 80 249616
22 47 40 133663
34 54 93 325246
96 60 40 139405
20 38 13 102932
27 64 93 280244
37 35 133 9097883
97 81 133 3367199
4 68 26 115136
37 27 40 132327
42 8 40 128998
94 37 26 118626
15 25 80 251984
35 36 40 131531
83 60 13 111447
37 41 13 109532
10 47 120 649935
63 57 106 460252
75 96 13 103377
26 57 106 397162
81 50 66 176344
54 10 40 134867
49 93 40 133341
1 76 120 878792
90 63 106 447664
67 86 40 136046
59 57 120 573597
27 69 40 136943
95 46 40 139911
38 67 53 164766
50 21 93 306726
39 56 80 240906
68 54 53 152615
77 17 53 169728
76 79 13 109262
54 44 80 222517
24 11 133 4723179
57 58 93 305578
5 52 13 113014
87 54 93 256645
24 85 133 2119172
29 84 93 297419
10 73 66 201579
65 52 80 246737
100 52 93 258775
4 2 106 361903
21 70 120 952946
77 16 66 197321
98 100 40 144759
49 1 13 108662
65 61 13 106157
15 59 80 230479
87 98 53 169360
76 93 106 388193
100 47 106 399313
43 60 133 5160451
26 67 93 286218
30 93 120 899123
68 16 40 140888
58 63 120 737695
26 23 133 7323708
20 86 106 354357
70 91 133 4907479
39 32 13 109459
58 31 53 152415
78 76 106 482403
4 27 13 108265
9 43 133 7971474
81 35 13 112172
91 35 120 806209
75 36 40 141255
84 71 66 171697
79 10 133 8334739
25 78 53 170154
36 90 133 4830948
50 1 120 925989
100 4 120 703543
41 78 106 438131
71 27 80 226088
78 18 93 311914
85 89 120 836760
93 55 93 275662
12 6 40 138948
27 98 53 158933
75 4 66 201075
70 72 120 807248
12 62 66 184015
20 95 106 350767
25 86 93 271381
82 80 133 1341200
4 67 133 10150548
15 68 66 193151
45 4 53 154434
10 33 66 193737
46 3 26 115386
66 88 66 189227
4 79 80 255705
63 77 133 7936502
4 33 133 1589210
11 28 53 162190
7 48 40 143327
79 74 80 237693
67 64 26 120207
72 32 26 126854
19 66 133 8362826
86 63 26 120837
61 20 106 421559
11 62 93 327417
96 5 80 254195
10 65 93 269112
54 50 106 394165
77 43 133 1597787
22 88 66 185258
98 38 80 231441
97 20 53 165499
62 88 26 116764
50 24 13 106471
79 12 26 119192
57 67 133 4212294
85 26 80 223692
21 34 13 103433
16 57 80 248309
61 19 53 152083
23 74 66 194294
1 11 80 218506
91 41 80 235582
63 28 13 104373
58 54 66 199393
16 25 66 203624
78 50 93 275321
94 76 13 109231
92 95 26 127954
60 87 53 159736
30 76 40 134512
81 63 80 255963
73 15 106 438991
28 86 106 418132
41 36 133 4732723
41 42 106 438781
90 42 120 1011091
23 49 133 8185301
14 60 93 326674
29 97 106 385579
56 57 80 217919
25 77 26 117084
14 13 53 168366
77 26 40 129867
3 30 26 122937
37 40 13 113052
77 73 120 647510
86 6 133 8576454
51 70 53 149846
52 2 66 180623
19 91 40 144354
68 41 53 150674
97 61 40 146364
26 13 53 167952
74 25 133 3105779
24 9 13 105254
13 1 13 113752
73 43 26 116637
79 22 93 263885
61 36 93 300561
29 39 53 154439
4 99 133 6009826
44 45 133 9476547
6 71 106 442701
49 15 13 106901
26 54 133 3960985
80 1 80 235050
66 67 40 130295
20 94 106 505181
50 18 133 9708473
83 96 40 139448
67 85 13 112209
67 62 26 126270
71 12 120 804043
45 42 13 109618
7 12 53 157806
99 17 93 285089
99 74 106 390301
70 43 93 302562
71 68 93 335044
66 72 106 397250
57 44 53 161162
81 59 53 160031
59 50 26 121413
10 88 80 206583
100 49 120 823078
31 96 40 139212
28 89 26 119196
88 19 66 189872
2 26 40 140646
83 30 106 457366
75 32 93 280927
87 99 120 1002712
45 9 93 257328
6 18 133 3403686
72 58 93 276963
75 14 26 123672
49 9 93 307448
79 38 93 321699
48 2 66 177304
49 61 40 139115
82 73 66 175067
51 43 106 401333
47 53 26 114047
69 85 93 330695
73 32 13 103634
89 46 66 178393
82 42 40 141012
81 26 26 120416
31 14 66 182762
37 17 120 850935
20 93 40 137376
21 95 53 170156
54 92 66 187760
46 17 66 173314
92 36 120 975983
25 35 40 136730
48 3 120 764018
84 77 13 104740
43 34 40 139762
64 52 13 104688
81 28 53 164644
94 99 133 8066340
45 20 93 299241
1 13 120 1012189
5 55 66 186203
22 98 53 161702
78 28 40 140461
97 91 133 5307379
27 74 120 680395
37 49 93 272839
88 44 40 134548
64 45 80 209268
44 5 66 182190
81 80 93 296980
29 8 93 278279
62 46 80 231783
36 80 26 124433
44 51 106 496734
70 62 120 927694
97 82 40 141462
42 58 40 132463
38 31 133 4333780
35 24 106 382512
93 18 106 402649
63 73 133 4104467
49 70 93 274366
37 83 66 176246
53 21 106 356512
27 91 26 123292
4 53 93 303013
75 73 80 230451
17 41 80 245749
4 52 53 158398
48 28 40 140944
98 11 93 331092
25 20 26 124587
11 19 53 170775
42 68 53 164187
69 67 93 282822
62 23 26 114062
89 68 106 440197
96 17 106 509396
6 3 106 444339
84 73 80 209937
46 56 40 128831
65 11 106 397903
51 85 93 326985
52 82 66 183135
30 42 13 111276
44 47 80 210138
65 53 66 181534
21 51 13 102626
46 6 13 108449
48 47 93 327203
70 34 120 513600
68 5 93 333413
71 32 40 145000
65 70 66 204340
48 94 133 4410762
92 18 66 186655
51 36 80 245904
80 44 66 182952
66 78 93 303329
30 47 106 390765
24 20 120 535434
69 6 120 719012
54 27 13 106506
38 95 13 103059
35 88 120 991559
19 1 80 211162
61 8 80 223588
75 64 66 181442
63 33 26 122671
41 61 66 196528
13 20 106 419314
72 77 53 149967
77 67 13 107740
21 27 40 128679
26 45 106 342439
48 85 53 149363
52 7 53 168372
100 29 93 321524
45 71 26 120686
88 45 106 398956
64 17 106 479367
49 83 80 250395
35 67 13 105238
9 27 40 132907
16 81 80 254546
97 90 66 174728
80 32 120 785021
79 82 133 3094429
37 69 66 202059
25 75 93 301085
62 35 106 395217
18 69 26 126473
23 11 13 103539
92 84 13 103685
33 4 93 262872
26 73 40 138957
4 83 106 380885
22 94 133 5659778
76 85 40 133642
45 15 40 140310
69 76 106 359637
73 35 13 110030
13 18 13 113466
21 84 26 119918
36 61 133 6347980
8 53 66 171322
79 31 106 446499
12 7 13 112218
73 42 133 4088403
98 71 106 508466
89 54 133 4978470
99 41 106 393665
73 54 26 127730
77 47 13 107937
77 48 80 235810
82 4 93 318917
30 82 93 261074
5 48 53 149684
52 39 120 688586
100 97 133 5214399
40 43 106 410107
36 50 53 158225
60 93 120 708201
98 7 120 902804
95 59 133 1451850
22 79 120 747310
27 61 40 136272
28 66 133 7638843
86 15 80 250019
99 1 13 110496
60 83 133 8346280
13 65 40 128929
44 58 93 278752
78 97 120 603100
71 38 40 143629
48 29 106 357240
45 19 13 107823
73 79 40 139995
79 14 66 195431
43 27 13 108985
60 11 26 115633
89 25 26 118850
58 36 13 113508
63 31 26 125526
14 95 66 177869
95 16 106 394672
5 35 93 278380
92 82 106 458972
96 34 13 111075
14 61 93 340925
99 20 26 120679
31 79 133 1070918
28 80 53 159166
52 46 53 168753
24 83 106 457574
78 17 13 110419
4 24 53 170590
51 50 40 130989
58 30 13 112445
42 26 66 195736
22 10 40 140001
16 4 93 304455
55 15 80 215034
18 55 13 111046
96 51 120 753705
61 82 13 103214
97 50 26 120225
48 13 13 107336
30 100 133 10174683
40 91 133 2236021
40 74 40 132213
44 2 26 118629
84 76 133 5153235
12 57 120 993366
15 18 26 119530
65 92 106 504125
91 43 120 790435
74 57 40 137480
46 45 120 861088
77 31 93 291829
97 79 80 224239
98 66 53 164683
16 73 93 277081
40 58 120 971025
29 61 80 250059
46 50 133 1937558
85 15 133 5470312
92 64 120 671993
69 26 133 3551336
67 29 93 282853
53 92 26 117671
31 27 26 121648
26 9 106 416868
28 55 106 469383
48 73 80 250310
86 18 40 138901
30 73 80 245243
23 24 133 4943625
83 52 26 119341
89 12 106 400842
71 19 26 126408
27 86 120 995128
70 66 13 110633
59 19 133 6520180
81 58 93 269507
42 94 120 1000385
99 56 93 294526
35 89 53 166400
56 21 26 126234
89 72 133 10117376
44 29 66 183311
86 9 120 770722
94 60 133 2712205
82 20 53 155803
41 59 80 245606
57 100 53 150590
5 83 26 119541
31 21 80 255309
90 74 66 176496
47 3 93 291279
86 5 106 425841
44 22 53 153256
13 24 26 119726
67 69 13 110980
93 57 26 121290
16 84 26 121411
2 77 80 253397
33 34 53 162064
8 36 106 392849
46 14 120 615141
97 55 13 110825
87 76 26 121421
39 64 40 136532
65 39 106 480426
35 43 93 336914
2 96 26 115568
2 97 120 662877
54 63 93 286730
58 11 120 714770
18 28 26 125936
58 85 26 125340
19 49 26 118348
25 66 26 125968
94 68 93 283438
95 43 93 306017
41 50 53 157459
4 64 26 125518
36 70 106 504793
74 20 53 157907
27 23 53 154009
85 82 106 373461
83 98 93 260151
22 99 106 451501
65 67 26 126672
44 60 80 243664
57 99 120 681463
24 17 93 309008
53 50 53 152195
20 13 80 232648
88 78 106 448606
74 99 93 327609
40 82 66 188063
3 88 26 116961
34 50 26 118471
90 92 13 102835
69 2 53 157272
52 17 13 113575
35 49 80 216889
65 68 13 106548
13 63 66 180151
80 56 133 3024223
2 86 66 179066
24 29 26 120270
56 47 40 140891
68 100 40 145013
30 95 106 445766
42 17 93 270309
5 29 26 119192
50 2 53 161468
43 49 133 7269912
88 4 13 108344
95 9 66 197899
10 60 66 181650
61 27 133 5532591
78 43 13 109964
34 88 106 459039
29 33 106 380598
34 51 93 287489
14 4 106 346277
4 21 133 8801259
97 42 13 110269
44 6 80 225746
42 99 40 138568
65 76 80 215128
3 95 80 238592
57 12 80 248934
36 22 26 125657
66 6 66 178134
53 26 133 2113468
90 64 93 281638
97 57 93 281979
19 52 13 111760
34 93 80 228106
25 9 93 287251
1 12 133 8274634
62 83 13 111912
33 49 80 218793
79 95 13 105009
66 23 120 971398
93 40 66 191918
20 57 133 5571520
34 32 93 287568
97 13 80 212878
60 96 53 157843
8 44 93 327251
18 54 80 245817
14 23 40 137675
68 85 80 248298
16 88 13 105591
94 57 66 185150
79 7 80 230499
17 11 26 120616
93 23 40 137444
40 80 40 128400
23 59 40 128644
55 62 53 152134
52 15 120 1004410
28 32 80 232894
76 71 80 215185
69 70 80 210937
44 1 106 478859
1 42 40 141572
8 45 133 6238312
49 79 133 1184197
75 58 26 120344
79 29 120 699375
46 33 53 169900
83 68 40 134667
1 35 120 764958
36 55 40 142213
44 52 106 414171
15 97 120 784951
47 51 66 205016
93 19 80 246145
70 63 53 153941
84 87 106 462890
24 6 66 175788
28 15 26 118617
9 93 120 781884
63 47 106 436520
7 75 26 124358
54 81 120 573336
5 20 66 193992
26 5 120 802259
24 5 40 142783
28 92 80 228258
32 77 120 756519
39 27 93 283230
85 55 13 104837
100 85 66 198207
100 67 53 159147
61 60 106 407915
10 22 13 104578
16 19 120 849842
40 38 106 494790
51 32 66 194017
38 51 80 221663
7 78 26 121107
72 48 66 186536
97 72 133 3946681
57 24 80 223864
5 17 26 125423
25 29 13 110664
79 91 106 503057
58 98 53 151993
72 84 13 113213
50 12 13 107530
75 85 133 6945402
100 84 120 670655
64 48 80 242598
65 14 133 4666829
23 55 40 129581
97 4 40 136942
99 3 66 177212
7 74 80 220338
47 5 133 7384619
20 48 120 633171
11 6 106 345979
100 20 13 113697
16 18 133 5128419
17 100 106 490711
50 52 106 366490
28 6 93 282835
41 29 93 263920
37 31 80 247175
12 64 93 259918
83 6 13 109623
96 2 13 106202
59 5 93 278098
9 28 80 210858
70 49 106 345581
67 98 80 229104
70 82 13 113199
32 100 133 2831414
70 32 106 343299
22 11 40 134075
8 35 120 859711
61 87 53 147052
96 16 26 114571
21 67 106 419159
68 66 26 119481
21 23 66 184402
17 58 53 154288
4 43 80 245103
39 35 40 136526
44 17 93 274748
75 84 53 147166
28 49 40 133867
100 42 26 118544
37 22 133 1685746
15 9 53 169045
19 65 13 108476
79 2 66 190675
44 35 80 242361
90 73 80 248628
19 83 93 280660
58 49 106 386319
17 72 133 5006018
53 65 40 130515
93 62 13 107081
55 49 66 202478
37 63 120 563576
6 94 80 237391
87 7 66 188814
12 88 106 497150
22 97 26 119910
6 46 106 350231
41 37 26 117697
25 4 40 133712
94 21 93 272902
82 79 120 680758
77 2 133 1287991
25 28 106 419409
74 34 120 990369
64 38 93 318451
38 66 53 151026
79 85 53 148230
18 64 133 7036775
75 99 13 106289
36 25 133 2081627
30 18 120 889575
31 83 13 104574
3 22 53 154117
34 59 40 145952
93 90 40 136131
36 9 80 228876
6 19 53 167791
34 69 66 193116
82 67 80 229951
96 81 66 174816
75 35 53 168437
47 70 53 156594
76 27 66 203049
38 78 80 229056
87 16 53 148151
11 84 13 105665
72 27 133 5925167
42 54 40 137832
14542 1322 1025151
