10 76
6 5 42 29113
2 1 54 102438
7 6 36 25733
6 2 54 67504
7 5 36 26691
8 5 30 21146
8 3 12 13934
9 8 48 39939
1 2 36 28623
4 1 36 25566
2 9 12 13864
9 2 42 29112
10 4 18 15363
9 6 12 12958
5 4 48 45778
9 4 36 24992
7 10 61 378972
2 7 24 17166
9 7 48 49223
10 7 6 12648
3 4 54 57989
9 10 24 16549
1 4 30 19959
10 2 54 104845
4 2 48 49093
1 6 12 12989
4 5 6 11574
4 8 30 19159
10 1 61 429689
4 9 61 584408
10 5 18 16314
5 8 12 14156
1 5 36 25673
10 9 18 15846
2 10 24 16579
7 9 36 27238
5 3 6 11544
7 7 48 46295
3 10 48 53119
10 8 36 23133
2 8 42 30934
8 7 42 31145
3 8 12 13274
9 5 54 114353
10 3 54 107599
8 4 6 11998
3 6 12 13770
3 9 30 19375
6 8 30 19632
8 9 36 28131
7 1 18 16002
1 9 48 40304
8 2 12 13173
2 5 12 14086
1 10 6 12568
2 6 36 25428
7 2 61 1034073
9 1 30 21962
8 1 12 13455
4 6 24 19022
3 1 18 16362
8 6 12 13900
3 3 18 14856
6 9 48 48207
5 10 42 37934
7 3 61 138353
1 3 24 18146
10 6 36 26750
8 10 24 18244
5 6 48 48423
6 4 6 11949
2 3 48 42284
4 10 36 27264
6 10 48 55960
6 6 61 143038
9 3 48 55245
605 55 114625
